1000	20100	389000
2000	64400	41300
3000	50300	233300
4000	59300	288000
5000	67100	195200
6000	24100	52600
7000	28100	60900
8000	30100	56300
9000	48700	123900
10000	22800	48100
11000	17900	78400
12000	17700	55400
13000	48200	40100
14000	16600	84400
15000	11000	56900
16000	15800	29300
17000	43100	38600
18000	61400	131500
19000	28200	69000
20000	35800	94800
21000	52500	49700
22000	55100	44400
23000	16900	34300
24000	60700	63100
25000	17500	33800
26000	22900	34300
27000	14300	61500
28000	63400	41900
29000	19900	33500
30000	42900	89700
31000	17600	75300
32000	30800	50500
33000	18700	32200
34000	20200	86500
35000	21300	76000
36000	18600	166300
37000	19200	158700
38000	21900	28600
39000	63100	58100
40000	16800	51300
41000	30000	29500
42000	76300	32600
43000	19900	71300
44000	19800	30600
45000	52900	69800
46000	62400	34300
47000	23600	57500
48000	17700	48300
49000	43300	29600
50000	74600	46500
51000	216600	30000
52000	22800	48700
53000	43300	23400
54000	15900	24900
55000	58000	122000
56000	33800	26900
57000	72800	32800
58000	15800	18600
59000	39200	18500
60000	15600	38900
61000	17200	18800
62000	23600	18300
63000	18400	31700
64000	62500	18400
65000	27400	15900
66000	51000	17000
67000	17000	22600
68000	20100	17000
69000	49700	26100
70000	17500	16700
71000	23500	15200
72000	22200	35100
73000	19200	68700
74000	33000	16700
75000	18200	16700
76000	67300	24200
77000	19600	17600
78000	45600	17600
79000	17400	20900
80000	18900	143500
81000	42100	21100
82000	50700	10100
83000	14700	10400
84000	22400	25900
85000	29700	61700
86000	24200	28900
87000	18100	19200
88000	53500	14600
89000	29400	10600
90000	27300	12200
91000	18900	24600
92000	37500	31900
93000	38600	26400
94000	23500	9900
95000	41800	20800
96000	29000	10900
97000	19400	11700
98000	56500	11600
99000	21200	17800
100000	75200	12700
101000	43700	10400
102000	107300	10800
103000	50000	10500
104000	53000	10600
105000	53200	9600
106000	63300	18500
107000	20400	7000
108000	21100	6100
109000	69300	7000
110000	34700	11200
111000	66500	7900
112000	19800	7600
113000	20100	8800
114000	40500	6100
115000	21200	7900
116000	21200	6300
117000	36000	6100
118000	20000	7300
119000	17300	25200
120000	19100	68800
121000	16200	12000
122000	62900	7500
123000	53700	6600
124000	45400	6400
125000	57300	6200
126000	21900	7300
127000	21000	7500
128000	31700	13500
129000	23900	7500
130000	16200	20500
131000	71600	7300
132000	20900	7600
133000	21600	27200
134000	21500	21900
135000	19200	7200
136000	19400	5500
137000	60200	17600
138000	30500	11200
139000	23300	6900
140000	20000	6500
141000	56800	6200
142000	21300	417300
143000	79100	27100
144000	19000	8000
145000	28400	5800
146000	24900	8700
147000	22800	6900
148000	20500	5700
149000	61400	16000
150000	36200	5800
151000	73800	6700
152000	57400	6600
153000	21300	7500
154000	24300	6700
155000	21800	5800
156000	19900	15200
157000	40000	6000
158000	19300	5400
159000	21200	6500
160000	20300	6300
161000	53500	7800
162000	39200	5900
163000	58300	6600
164000	20600	11300
165000	52200	18500
166000	115700	6800
167000	55000	9400
168000	20100	6100
169000	37700	47800
170000	20000	5800
171000	20300	6500
172000	24500	6700
173000	22400	5700
174000	24200	7900
175000	87300	5500
176000	28500	6400
177000	22300	7300
178000	20800	8300
179000	22300	6700
180000	17800	5800
181000	21100	7000
182000	17100	6300
183000	17400	26600
184000	18400	6400
185000	62400	6000
186000	34400	5700
187000	17300	5600
188000	18600	5100
189000	20000	5300
190000	15800	5600
191000	16600	6000
192000	21100	6200
193000	17600	5100
194000	49200	5400
195000	21500	5800
196000	35800	6000
197000	20000	5700
198000	22000	18400
199000	58000	5400
200000	26500	5900
201000	21700	9000
202000	20400	6700
203000	20800	35700
204000	18600	6000
205000	18700	6200
206000	18100	14000
207000	18000	8600
208000	31800	6000
209000	21100	6400
210000	37700	5400
211000	25800	6300
212000	17900	5900
213000	16100	5400
214000	17800	8800
215000	15500	6300
216000	18200	16400
217000	22100	6300
218000	36900	6000
219000	61600	29300
220000	17200	5900
221000	34200	6000
222000	21100	5300
223000	27200	5600
224000	32200	6700
225000	46500	5600
226000	25200	6300
227000	50600	6300
228000	20500	6400
229000	15800	5500
230000	15700	6900
231000	20500	5500
232000	38000	6000
233000	24100	6500
234000	20500	6200
235000	19000	5700
236000	20500	6900
237000	19900	6300
238000	19500	5700
239000	38400	6400
240000	19200	5500
241000	20400	5600
242000	19400	5700
243000	63100	5400
244000	20500	5600
245000	24300	5800
246000	19800	6000
247000	20100	7000
248000	19200	6200
249000	38300	5700
250000	21900	27400
251000	20200	6800
252000	26500	6800
253000	21200	6100
254000	23200	5900
255000	18400	19200
256000	20400	7000
257000	33600	5900
258000	20900	6700
259000	25100	5200
260000	20200	5500
261000	21100	5900
262000	17800	6300
263000	54600	5500
264000	20400	28100
265000	28800	5600
266000	20400	5700
267000	23700	5600
268000	62900	5700
269000	28900	6200
270000	21600	5700
271000	22700	5300
272000	22800	5700
273000	19000	6200
274000	21600	5800
275000	24400	6100
276000	20900	6400
277000	41000	8900
278000	22300	6200
279000	21000	5700
280000	19700	6100
281000	26500	5800
282000	21700	5200
283000	22000	5800
284000	20100	25900
285000	22500	6200
286000	61300	9900
287000	19200	5700
288000	20200	6400
289000	22600	5900
290000	18400	5700
291000	23100	10300
292000	22300	6400
293000	22000	6200
294000	20000	6100
295000	62400	5600
296000	20500	5600
297000	23700	6000
298000	23400	5700
299000	19600	5700
300000	28700	8700
301000	20000	5800
302000	32700	9300
303000	20600	5300
304000	21900	5500
305000	21500	20300
306000	23600	5500
307000	21200	6700
308000	20000	5700
309000	21300	5400
310000	22100	6000
311000	22700	6100
312000	21700	6500
313000	20200	5800
314000	24500	6700
315000	19600	5700
316000	47600	5500
317000	21400	5500
318000	25200	6500
319000	31100	6000
320000	27300	5700
321000	25800	32800
322000	26500	8200
323000	23700	23700
324000	22600	10600
325000	98000	6000
326000	25600	14000
327000	25300	5500
328000	22500	7000
329000	25700	4900
330000	22200	6400
331000	26700	7100
332000	24700	76400
333000	60600	6600
334000	25000	7600
335000	27900	6200
336000	22800	8100
337000	26300	5900
338000	26200	6200
339000	24100	14900
340000	31200	6500
341000	63600	32900
342000	23500	7700
343000	40800	6600
344000	55500	6800
345000	24800	10200
346000	25600	21300
347000	23900	6500
348000	25800	7100
349000	48800	7500
350000	26000	16900
351000	33300	38900
352000	25900	6000
353000	27100	5500
354000	26800	11100
355000	27800	5500
356000	27900	21600
357000	26000	6000
358000	24900	6300
359000	26800	5500
360000	26200	8500
361000	23600	6700
362000	28400	6300
363000	65500	11900
364000	70900	19300
365000	85600	35800
366000	48100	7700
367000	30200	6300
368000	28500	6600
369000	55300	6900
370000	60500	13600
371000	25000	14200
372000	25900	11500
373000	27500	7100
374000	26600	6400
375000	63600	9200
376000	27600	6600
377000	55700	31600
378000	67700	14800
379000	27000	6700
380000	50600	6400
381000	25500	8000
382000	23500	8300
383000	44400	16500
384000	24700	21300
385000	52000	16300
386000	29500	7100
387000	68600	6500
388000	58500	24000
389000	25700	7100
390000	27100	20900
391000	24600	6300
392000	27100	17600
393000	119000	6000
394000	36600	6000
395000	31700	6600
396000	30200	5800
397000	24500	6600
398000	67800	6600
399000	24700	8000
400000	29600	7100
401000	24300	5900
402000	21500	6600
403000	21900	6400
404000	20500	6600
405000	46200	7800
406000	32800	6900
407000	23100	6600
408000	24500	6200
409000	22400	7300
410000	23000	6100
411000	21900	6700
412000	23100	6300
413000	21600	6200
414000	22300	6700
415000	23600	6700
416000	25100	6600
417000	22000	10300
418000	39300	6600
419000	22000	5900
420000	25500	7500
421000	22300	7400
422000	28600	6400
423000	24400	6400
424000	42900	6300
425000	24100	13700
426000	21300	5800
427000	26500	24800
428000	25600	5900
429000	23200	8400
430000	20100	5500
431000	21700	6700
432000	24300	7000
433000	23400	6600
434000	26700	6600
435000	23900	6900
436000	25400	6500
437000	25200	6200
438000	27700	7800
439000	26200	7500
440000	36700	6500
441000	23600	6600
442000	80100	6100
443000	25100	6700
444000	26300	13700
445000	23300	7100
446000	23600	11200
447000	22900	13000
448000	26000	6100
449000	24200	7300
450000	32200	6300
451000	29300	6700
452000	28400	6400
453000	23800	11800
454000	24500	6700
455000	50200	6300
456000	24900	6400
457000	25700	7200
458000	25800	14300
459000	51100	7100
460000	69900	21300
461000	59700	6300
462000	27000	7300
463000	25600	24400
464000	23200	6600
465000	24200	9400
466000	25900	7000
467000	25800	6600
468000	27500	16600
469000	67200	7200
470000	52200	6200
471000	65700	45400
472000	23100	7400
473000	48100	6900
474000	28900	6700
475000	48700	17800
476000	43600	32300
477000	30200	7100
478000	27400	7000
479000	80900	6800
480000	31200	6100
481000	25100	6000
482000	23700	7000
483000	26700	7000
484000	29300	6800
485000	59500	6800
486000	44600	7700
487000	25300	7700
488000	26600	6800
489000	27800	8300
490000	60500	7700
491000	101000	6400
492000	71400	6300
493000	28200	7100
494000	26500	8800
495000	29400	28500
496000	27600	7000
497000	30100	11000
498000	26100	6500
499000	27300	17900
500000	59700	9500
501000	63900	8900
502000	29300	8500
503000	43400	17300
504000	30900	7400
505000	43500	8100
506000	24300	6800
507000	24900	8400
508000	56200	6000
509000	23400	6500
510000	24700	7300
511000	26400	6600
512000	27000	6200
513000	24400	12900
514000	24900	11500
515000	24800	12000
516000	25800	6800
517000	52500	6800
518000	23800	7100
519000	26400	6700
520000	28800	6100
521000	54000	6600
522000	52300	6300
523000	50200	6000
524000	26400	6600
525000	55300	6100
526000	26900	6400
527000	25100	6100
528000	24800	6900
529000	25800	6200
530000	47200	6500
531000	42600	6700
532000	23700	6900
533000	25000	6300
534000	65600	6800
535000	22900	31000
536000	24500	6400
537000	23600	6100
538000	24600	7000
539000	22900	5700
540000	23900	5900
541000	22900	6000
542000	26100	6300
543000	24700	6600
544000	42300	7200
545000	36900	6500
546000	24800	6400
547000	24600	9800
548000	22600	6100
549000	23900	6500
550000	23700	8200
551000	26300	6000
552000	25900	6800
553000	23500	6700
554000	25700	6900
555000	26600	6900
556000	45200	9400
557000	32000	25800
558000	26800	7200
559000	67200	8200
560000	26000	8100
561000	89800	6600
562000	68400	23300
563000	62100	10700
564000	96500	8800
565000	24900	15200
566000	30900	7300
567000	35700	30000
568000	27400	14300
569000	72000	6600
570000	25700	21400
571000	31400	14800
572000	64400	6500
573000	28200	7800
574000	64100	6900
575000	38000	6800
576000	32800	8200
577000	52400	8700
578000	28800	6500
579000	36300	23400
580000	82900	16000
581000	66300	6300
582000	87500	18800
583000	30500	15100
584000	35700	9500
585000	26900	16100
586000	27600	7400
587000	65600	14300
588000	27600	6700
589000	53100	19500
590000	30400	19400
591000	27700	7400
592000	27100	19400
593000	53700	7200
594000	23700	7400
595000	25400	6000
596000	26700	6200
597000	28400	7300
598000	67700	6400
599000	26800	6100
600000	26800	6700
601000	25200	5900
602000	23900	7300
603000	24100	7000
604000	28100	6300
605000	27300	28600
606000	28400	7100
607000	25900	6500
608000	27100	6900
609000	29800	23200
610000	28600	6400
611000	30900	6800
612000	24700	6600
613000	444600	5700
614000	28700	13200
615000	31700	6900
616000	24200	19600
617000	54400	6200
618000	24100	6200
619000	41200	6300
620000	25900	5800
621000	26100	6300
622000	26300	6800
623000	24800	6600
624000	48500	6300
625000	25400	6700
626000	33600	6900
627000	23600	6200
628000	24400	5800
629000	26200	6100
630000	23900	6700
631000	24600	6800
632000	25000	6100
633000	28300	6400
634000	27400	6700
635000	60400	7100
636000	29900	8200
637000	94400	7200
638000	74800	40200
639000	27200	7000
640000	27400	10800
641000	26100	6900
642000	69700	7300
643000	25800	19300
644000	74300	6500
645000	96200	7400
646000	28400	6300
647000	27900	7600
648000	65500	9500
649000	66500	14800
650000	27000	21200
651000	77700	12400
652000	79400	29200
653000	30800	9500
654000	29400	8300
655000	27000	7400
656000	27900	6900
657000	33100	6800
658000	29100	87300
659000	28600	17700
660000	24400	6900
661000	25600	18500
662000	26300	7200
663000	29400	5800
664000	30300	33900
665000	28200	6800
666000	29200	7100
667000	55900	6300
668000	58200	5500
669000	25400	6400
670000	24800	6000
671000	24000	6100
672000	73000	6200
673000	26200	6700
674000	23600	6500
675000	26600	6200
676000	25400	11200
677000	25100	12800
678000	60700	6700
679000	25000	13500
680000	25600	6100
681000	25600	7200
682000	23400	6100
683000	26700	6400
684000	26500	6100
685000	23900	5600
686000	23900	5700
687000	29900	6200
688000	43800	6200
689000	78200	6900
690000	24700	16500
691000	24900	6600
692000	24500	6400
693000	24900	6400
694000	24900	6700
695000	27800	6600
696000	44700	6900
697000	43000	6900
698000	26900	6400
699000	52800	6000
700000	24800	6600
701000	25200	5900
702000	26000	6600
703000	66800	9800
704000	29200	18700
705000	30100	7400
706000	27700	6500
707000	28100	16900
708000	28600	6400
709000	64700	21500
710000	28800	6800
711000	25600	9900
712000	27500	6900
713000	40600	6600
714000	66500	6300
715000	27500	119600
716000	29600	10100
717000	26600	6800
718000	62000	6800
719000	28100	18400
720000	28600	7000
721000	27300	12000
722000	27500	18600
723000	34600	7200
724000	28900	12700
725000	29700	7600
726000	29100	6200
727000	56400	12100
728000	30900	9200
729000	43700	6400
730000	23200	5900
731000	28800	6400
732000	26200	23600
733000	26900	6500
734000	31400	6000
735000	25100	7400
736000	25700	21600
737000	31600	6700
738000	55200	6100
739000	25400	6800
740000	32300	6900
741000	26000	7600
742000	26900	10300
743000	52100	6200
744000	33400	12800
745000	49200	6500
746000	29000	5900
747000	26500	6400
748000	34400	6700
749000	42500	6400
750000	47600	6300
751000	43100	6100
752000	27100	11100
753000	65500	6400
754000	39800	6900
755000	25200	7200
756000	26200	7600
757000	24700	6000
758000	34200	7400
759000	26000	7300
760000	45600	33600
761000	32200	6300
762000	30700	6400
763000	27800	17700
764000	70100	7000
765000	60300	6300
766000	66100	27000
767000	87400	7000
768000	34300	6200
769000	59400	8000
770000	67500	6600
771000	30400	6500
772000	26700	6400
773000	25500	7200
774000	28300	7900
775000	26900	6800
776000	139600	6500
777000	28000	6300
778000	27400	17300
779000	29100	16300
780000	28300	6600
781000	28300	10200
782000	33400	15300
783000	49600	7300
784000	64700	6600
785000	23600	23500
786000	26600	6400
787000	27100	6800
788000	25400	6000
789000	25900	7800
790000	41500	5900
791000	25000	6600
792000	28700	6300
793000	25400	6800
794000	26600	6400
795000	26900	6100
796000	30200	6100
797000	27900	6800
798000	29300	6300
799000	26200	6400
800000	25600	5900
801000	25500	14000
802000	45700	31800
803000	24700	6200
804000	25100	7000
805000	34200	6700
806000	31700	6100
807000	26800	6100
808000	26000	27500
809000	56200	6300
810000	28800	9300
811000	37400	6600
812000	38700	7100
813000	29200	5900
814000	34000	6300
815000	65500	7300
816000	30900	31400
817000	68600	7800
818000	95700	22900
819000	67000	6900
820000	25800	6200
821000	70700	7200
822000	29900	6300
823000	28200	26200
824000	31500	7500
825000	442100	6100
826000	47500	9800
827000	50200	6400
828000	30600	6800
829000	58800	12800
830000	34900	6400
831000	29500	9200
832000	26300	7100
833000	28100	13100
834000	29200	6100
835000	28700	6400
836000	27900	6500
837000	28800	6400
838000	24700	6200
839000	26600	6200
840000	26100	6300
841000	30400	6400
842000	29100	6100
843000	28700	5700
844000	46200	6300
845000	28000	6000
846000	27300	6200
847000	28500	27800
848000	26700	6100
849000	26200	6100
850000	30200	6800
851000	27100	11400
852000	29200	7700
853000	28100	6800
854000	31100	6300
855000	28000	6300
856000	30600	9500
857000	28100	6000
858000	31400	6400
859000	29300	6400
860000	52400	8000
861000	28800	7300
862000	31200	6500
863000	32100	14100
864000	73400	7900
865000	25900	7700
866000	58400	6400
867000	31100	18100
868000	37200	8900
869000	28400	7700
870000	29000	11600
871000	109600	5900
872000	36500	32500
873000	59900	6600
874000	31500	24500
875000	28400	6700
876000	30300	7200
877000	29700	15700
878000	29300	9400
879000	25000	11900
880000	26800	6600
881000	66000	6500
882000	30800	6300
883000	26900	5900
884000	28300	6200
885000	27600	6600
886000	25900	6500
887000	28800	7400
888000	51000	6100
889000	25200	6400
890000	46800	7100
891000	24600	5800
892000	28100	13900
893000	24600	6300
894000	25700	6200
895000	24900	18800
896000	37200	6700
897000	26300	6500
898000	26500	6000
899000	25500	9400
900000	27600	6100
901000	25400	6500
902000	28800	7500
903000	119400	6700
904000	27100	6700
905000	72400	9200
906000	28700	16700
907000	28500	6400
908000	63700	8000
909000	75400	7300
910000	32400	18000
911000	38900	15300
912000	27100	7900
913000	32700	22400
914000	48200	30900
915000	31100	17500
916000	33200	6400
917000	53300	8400
918000	29900	6400
919000	67600	7000
920000	51300	7600
921000	24200	6700
922000	24700	7200
923000	23000	6400
924000	23800	6400
925000	23500	6100
926000	25800	6300
927000	25200	6300
928000	24400	8600
929000	23400	5900
930000	20000	5800
931000	25700	5800
932000	36100	6100
933000	26800	7100
934000	24900	6100
935000	26600	5900
936000	25700	7200
937000	26400	6500
938000	24400	6900
939000	28000	6300
940000	26200	6400
941000	23700	6400
942000	25300	6000
943000	24000	6300
944000	27200	6800
945000	21400	6200
946000	25000	6400
947000	23000	6400
948000	25700	6000
949000	25200	7200
950000	21800	6700
951000	24500	6400
952000	17600	7200
953000	21400	6500
954000	25400	5700
955000	18500	6000
956000	16700	5900
957000	21800	6000
958000	23900	6200
959000	23600	6000
960000	21700	6000
961000	19300	6600
962000	22800	6000
963000	21600	6500
964000	18700	5700
965000	22900	5500
966000	21700	8000
967000	21900	6800
968000	25300	5900
969000	20800	6300
970000	19000	6100
971000	19000	6300
972000	25400	6200
973000	23200	6200
974000	22800	6000
975000	23400	6100
976000	20700	6500
977000	25000	7000
978000	20700	6100
979000	20800	6200
980000	17000	5800
981000	25600	6300
982000	23600	6600
983000	24500	6700
984000	19400	6200
985000	23800	6300
986000	22300	6600
987000	25500	6300
988000	23800	6400
989000	26700	5900
990000	26700	6500
991000	22900	5700
992000	22900	5900
993000	18200	6100
994000	20500	6000
995000	22100	5800
996000	25500	6200
997000	21500	6600
998000	25000	6400
999000	22600	5800
1000000	24800	9200
